function inverse_map = get_inverse_map()
%GET_INVERSE_MAP Summary of this function goes here
%   Detailed explanation goes here
inverse_map= [ [ 0.3606 -0.3424 0.2946 -0.2940];
             [-0.2401 0.3333 -0.2977 0.3155];
             [ 0.3170 -0.3175 0.3229 -0.2866];
             [-0.2127 0.2447 -0.2821 0.2984] ];
end

