function [u_hip,u_knee,v_hip,v_knee] = load_matrix_complete_rule_cs()
%LOAD_MATRIX_COMPLETE_RULE Summary of this function goes here
%   Detailed explanation goes here
u_hip = [
   -0.4772    0.3235    0.1446    0.0072   -0.5414    0.3062
    0.1298   -0.1675   -0.0164   -0.3312    0.5934   -0.5247
    0.1319    0.2345   -0.2720    0.4572   -0.6665    0.0421
    0.0576   -0.4905    0.3999   -0.2214    0.0753    0.1362
   -0.6202    1.0000   -0.4976    0.1250   -0.4985    0.2910
    0.4550   -0.4316   -0.0559    0.0341    0.3647   -0.4654
    ];

v_hip = [
    0.8509    0.7267    0.3689   -0.1304   -0.6556   -0.7245
   -0.2900   -0.2744    0.2197   -0.3629    0.1200    0.7341
   -0.3466   -0.6911   -0.9035    0.9545    0.6519    0.1223
    0.0195    0.4570    0.7871   -0.3905   -0.4679   -0.2571
    1.0000    0.1394   -0.7656    0.2653   -0.2649   -0.5033
   -0.7750   -0.7086   -0.2465    0.1243    0.4631    0.7490
    ];

u_knee = [
   -0.7282    0.9887   -0.2557   -0.3725    0.2075    0.1295
   -0.3084    0.0681    0.2000   -0.2243   -0.0975    0.3116
   -0.1987    0.8793   -0.6662    0.0201    0.3638   -0.3879
   -0.2928    0.3615   -0.0236   -0.6361    0.8758   -0.2310
    0.2437   -0.0606   -0.2290    0.2434    0.0384   -0.3150
    0.0590    0.2514   -0.3629   -0.2366    1.0000   -0.8300
    ];

v_knee = [
    0.9708   -0.1112   -0.2487   -0.3507   -0.4509   -0.0055
   -0.1027    0.8403   -0.1295   -0.2567   -0.1849   -0.3722
    0.2386    0.1311   -1.0000   -0.0731    0.3461    0.3641
    0.3636    0.2879   -0.1072   -0.7988    0.1221    0.2013
   -0.3983   -0.1852   -0.3427   -0.1023    0.8409   -0.0513
   -0.0106   -0.4211   -0.4358   -0.1888   -0.0706    0.9567
   ];

end

