function [u_hip,u_knee,v_hip,v_knee] = load_matrix_complete_rule()
%LOAD_MATRIX_COMPLETE_RULE Summary of this function goes here
%   Detailed explanation goes here
u_hip = [
   -0.4904    0.0997    0.2270   -0.3076    0.0742    0.2867
    0.4276   -1.0000    0.5500   -0.0511   -0.0023    0.0877
    0.1342    0.3912   -0.6975    0.2803    0.2638   -0.4374
   -0.4491    0.0613    0.3426   -0.7186    0.5793    0.0891
    0.0356    0.0068   -0.0969    0.4559   -0.7865    0.3292
    0.2139    0.0392   -0.2940    0.1560    0.2095   -0.3769
    ];

v_hip = [
   -0.8191   -0.7557   -0.3761    0.5528    1.0000    0.3391
   -0.0636    0.4539    0.0057    0.0815   -0.0977   -0.4811
    0.8117    0.8990    0.6131   -0.9119   -0.6694   -0.4373
   -0.3189   -0.5535   -0.5398    0.2514    0.7583    0.5799
   -0.5471   -0.0324    0.1203    0.0426    0.3157    0.0677
    0.5792    0.9516    0.4321   -0.3940   -0.6301   -0.9331
    ];

u_knee = [
   -0.8106    0.9748   -0.0993   -0.5088    0.1320    0.4066
   -0.4021   -0.0570    0.4387   -0.4872   -0.0496    0.5633
    0.0733   -0.8734    0.9099   -0.3800   -0.1201    0.5082
    0.5691   -0.1438   -0.4389    1.0000   -0.9059    0.0081
    0.5410   -0.0111   -0.5574    0.5413    0.0205   -0.5169
    0.3964    0.0237   -0.4344   -0.0082    0.8133   -0.8073
    ];

v_knee = [
    0.8141   -0.2935   -0.1708   -0.1737   -0.2495   -0.0751
   -0.2747    0.9363   -0.3094   -0.1672   -0.1841   -0.1892
   -0.1793   -0.3145    0.8684   -0.0878   -0.2225   -0.1570
   -0.2273   -0.2272   -0.1002    0.8564   -0.3657   -0.1604
   -0.2472   -0.1945   -0.2232   -0.2857    1.0000   -0.2704
   -0.0953   -0.2291   -0.1866   -0.1603   -0.3056    0.7903
   ];


end

