limbs = [15 16; 17 18; 2 3; 13 14];
changeDir = [0 